2911056 2911056 1512050 623435 593775 31901 
2865028 2865028 1407228 609050 593982 38834 
2915683 2915683 1454096 611054 591191 457307 13303 
2834230 2834230 1370854 602996 584986 33814 
2876530 2876530 1404082 613183 585981 37994 
2865426 2865426 1406593 610425 458046 41928 
2864734 2864734 1411498 605040 586151 447360 5489 
2875496 2875496 1435603 576791 45545 2239 
2877322 2877322 1402246 596812 581178 31333 
2882875 2882875 1413486 619237 592162 30524 
2858146 2858146 1404863 617460 582930 54642 
2845099 2845099 1378262 616568 600558 50553 
2870289 2870289 1383929 608153 453017 41812 
2842156 2842156 1364281 608080 585347 28947 
2882731 2882731 1417878 620638 587891 51383 
2915745 2915745 1429528 618777 602179 47863 
2876500 2876500 1415130 613269 589425 34498 
2870289 2870289 1412923 615548 593163 42157 
2889129 2889129 1403110 617183 602070 48973 
2887312 2887312 1407444 603032 586698 37036 
2873177 2873177 1402598 612439 596921 42624 
2873473 2873473 1422733 625250 599945 45191 
2874284 2874284 1411537 620036 603952 53997 
2889783 2889783 1401844 615701 591974 43240 
2889946 2889946 1387541 612184 595508 36860 
2873757 2873757 1411926 623475 600025 35984 
2859145 2859145 1394041 612208 595049 59491 
2844082 2844082 1383463 608587 592111 43708 
2862978 2862978 1423814 607913 456176 52674 
2878904 2878904 1405068 608820 584188 34482 
2898634 2898634 1422104 613094 460702 31180 
2838593 2838593 1375908 611712 581014 41111 
2875829 2875829 1410281 620053 465932 33988 
2844217 2844217 1393914 607340 590328 25995 
2881401 2881401 1415626 624059 597159 56261 
2844150 2844150 1382637 616401 596599 34721 
2858054 2858054 1390912 616382 589855 41027 
2846586 2846586 1361565 610462 593539 34568 
2883671 2883671 1394560 617289 599876 40923 
2859987 2859987 1384601 616710 459825 37316 
2847582 2847582 1394075 616413 597546 48025 
2896620 2896620 1430385 624463 607656 43617 
2894960 2894960 1414427 608274 37777 5553 
2883889 2883889 1409845 608843 593367 42821 
2863159 2863159 1386079 612711 587326 37676 
2871088 2871088 1411459 605147 591191 47853 
2867581 2867581 1406630 618299 600233 48785 
2856233 2856233 1365032 609106 451466 53886 
2870391 2870391 1416992 615148 596696 32824 
2858884 2858884 1377409 613767 456048 57099 
2854726 2854726 1400650 617526 590979 41848 
2866601 2866601 1393836 614493 597479 38042 
2907577 2907577 1449517 616613 601751 43432 
3109228 3109228 1771088 639837 639779 510885 508274 82477 
2842101 2842101 1416778 613779 589875 21423 
2901315 2901315 1397567 608328 593455 50369 
2895868 2895868 1396177 606037 583795 49302 
2846595 2846595 1403305 607679 586557 35969 
2869647 2869647 1413531 610991 596308 40080 
2863275 2863275 1382263 601629 585363 31700 
2858329 2858329 1392497 606999 451131 19191 
3006395 3006395 1670817 655905 647238 505292 47371 
2827350 2827350 1382743 604406 588153 35557 
2876578 2876578 1416716 605099 452624 47289 
2875667 2875667 1410256 613638 582179 26991 
2862339 2862339 1384008 605936 579023 36359 
2865349 2865349 1409567 612240 458375 32108 
2876642 2876642 1421648 616765 588814 43071 
2834002 2834002 1377956 604757 451480 26686 
2884446 2884446 1431934 611464 460412 51674 
2861542 2861542 1404877 607943 582861 42296 
2834374 2834374 1395539 604385 449694 33535 
2869660 2869660 1382448 608483 588180 36820 
2849813 2849813 1385231 593736 577389 29167 
2873277 2873277 1421097 613974 598707 27767 
2869643 2869643 1398295 610931 578733 36502 
2867344 2867344 1382729 603153 448299 26464 
2832467 2832467 1395238 605122 588512 27765 
2830678 2830678 1389255 612873 455610 50367 
2859891 2859891 1417534 614181 461028 47009 
2846524 2846524 1381204 605231 590951 46203 
2866072 2866072 1411296 599913 447672 37072 
2893376 2893376 1418269 621191 585575 41709 
2852444 2852444 1414450 612918 594314 35353 
2848051 2848051 1379318 620762 589101 32305 
2860613 2860613 1399274 610444 589291 37695 
2853165 2853165 1395561 608536 592831 38237 
2868271 2868271 1401390 608761 592589 42158 
2862756 2862756 1388897 610462 453831 39005 
2898943 2898943 1427559 609206 591110 451129 10356 
2878843 2878843 1405046 609582 455732 41139 
2861350 2861350 1405007 608545 593159 36448 
2872119 2872119 1384588 576480 41568 
2874055 2874055 1410550 610952 456241 26642 
2843865 2843865 1384866 612946 590641 30616 
2895169 2895169 1412972 607295 456511 42843 
2866770 2866770 1401169 609025 593291 39559 
2872406 2872406 1385142 605085 589956 54858 
2855431 2855431 1400229 616632 459774 44124 
2890076 2890076 1440506 612486 594372 32216 
