92298 34184 24648 10965 8206 7605 6017 5647 4931 1964 573 355 197 117 66 55 27 16 16 16 11 
97463 44868 35710 23588 14106 12633 9179 8496 8409 8315 7655 4296 1545 838 349 260 141 60 31 31 
102475 53371 42438 27863 16743 16042 9530 9203 9128 9028 6258 3288 2100 1205 767 302 126 60 60 54 11 
90080 39905 31541 14978 11779 11010 8338 7215 5020 2987 2087 1059 826 559 323 311 172 91 45 44 
90892 35361 29082 14949 11305 10842 8093 7374 6247 3507 1305 830 465 254 180 180 101 55 55 38 11 
127178 39305 28892 13855 11001 10069 7708 6558 5193 2446 1186 671 411 178 108 102 45 22 11 11 
104188 42345 30293 17138 13638 13028 9260 8247 8206 8171 5817 3421 1744 943 547 116 39 22 6 6 
87068 34757 24469 12649 9996 9453 7258 6454 6417 6363 4736 1491 816 547 357 250 100 36 36 36 6 
111488 50646 41063 21477 13830 12457 8306 7684 7635 7574 5197 2680 1497 841 604 361 70 41 29 23 
95454 51453 36824 25445 14430 13680 7765 7259 6217 2889 1192 750 415 162 120 97 27 20 20 18 
82724 30509 24075 11334 7868 7342 5153 4639 2805 883 342 184 106 48 
113308 33588 25357 13513 9895 9173 5921 5478 5344 5072 3258 1383 945 488 267 158 18 18 12 
156713 60345 50245 26842 14377 12811 8022 7597 4862 2862 1944 1014 721 465 249 249 139 90 49 48 
97487 39593 28200 15363 9605 8636 5763 4983 4909 4834 3649 1414 1022 669 442 336 126 68 35 35 
107793 56888 46920 31531 16306 14568 9280 8487 7137 3420 1374 773 497 372 243 89 26 26 26 
99090 39906 31146 15232 11876 10746 8425 6361 3088 1606 981 561 205 127 93 76 42 22 11 11 
93272 36095 27994 14819 10951 10505 8340 7719 7620 7542 5867 2884 1721 1095 726 454 108 55 44 44 
96599 38440 27621 15237 11947 11261 8831 8692 8511 8450 6293 2901 1717 895 521 359 95 35 35 35 
85521 31352 25314 11901 8850 8226 6817 6454 6404 4559 2067 982 627 414 177 121 63 23 23 17 
99761 38278 29484 15322 10737 9676 7168 7060 6994 6919 4743 2658 1675 943 688 289 96 45 45 37 16 
110991 40192 29090 15931 12779 12002 7799 7231 7067 6854 5011 2160 1219 798 568 269 109 40 29 12 
116425 59557 48109 31048 16450 15517 9424 8016 7757 5846 2777 1201 648 452 144 91 30 17 17 17 5 5 5 
99485 53347 40363 27290 15711 13830 9553 9137 7554 3990 1761 925 712 395 284 255 134 58 58 46 
98723 37209 27496 14213 11335 10649 8756 8619 8532 8453 6664 3273 1771 1035 617 329 171 69 51 35 
68754 27141 16221 10799 7344 6552 4171 4033 3992 3954 2989 1222 666 400 272 211 42 29 28 12 
100510 52852 41328 27360 15673 13691 9762 9017 8219 4221 1886 1052 692 341 249 213 113 60 60 30 12 
79394 28988 21140 11686 8463 7735 5729 5347 5276 5200 4300 1835 1003 711 392 192 106 53 42 17 
118170 63800 57430 35781 17536 15518 9914 7734 7650 7289 4983 3043 1819 1061 663 410 112 59 59 53 
89048 32809 22495 12517 8198 7668 5522 4816 4756 4698 4342 1409 850 514 330 237 96 91 63 
89554 31182 26007 11501 7517 7006 5369 4756 2958 1502 1082 590 436 268 129 77 48 42 42 6 
98026 32863 22196 14977 9542 8621 6308 6208 6144 6081 5313 2589 1101 715 438 224 162 87 24 24 
112332 64076 51849 32559 15733 13589 7549 6780 6404 6328 4537 2009 1229 765 463 278 72 40 40 28 6 
95966 41374 30696 15320 12023 11430 8885 8484 5609 2911 1662 915 634 224 113 107 48 24 12 12 
95917 34252 24928 13385 10874 10043 7724 7274 5552 3034 1516 859 571 188 111 94 43 26 26 24 
105216 42682 32575 18507 14723 14124 10363 9363 6845 3767 1978 1179 718 397 273 262 142 81 40 40 
110851 45645 37937 24384 12587 10678 7038 6304 5242 2822 1028 521 364 142 85 68 23 12 12 6 
114396 50827 40179 22508 11118 9510 4610 3955 3845 3172 1167 831 519 407 235 207 87 46 29 29 
95936 39046 27645 13854 10518 10010 6828 6287 6103 6074 5163 2511 886 494 282 154 83 43 21 10 
119891 51951 42817 23947 15587 14064 9227 8455 6120 3318 1699 794 637 205 135 72 27 27 21 5 
99300 36909 28067 15292 11467 10586 7780 6527 6233 4354 2530 1641 929 533 299 266 158 64 25 25 
78492 35481 25467 13203 9802 9096 6633 6288 6245 6172 2369 853 490 339 205 163 101 57 57 25 
93189 36656 26472 13917 8675 7957 5811 5611 4160 1819 1096 626 437 269 113 113 62 33 33 16 
97557 33723 28078 18349 9900 8932 5666 5492 5429 5389 4916 1948 724 464 284 76 31 8 2 
123087 40295 28824 15395 11056 10545 6177 5137 4990 1963 885 457 334 201 157 124 62 33 33 33 
125672 57700 44150 28357 14148 12841 7513 7142 6190 3211 1596 900 574 273 185 155 92 46 46 16 
96387 47672 37755 20359 16827 16472 12438 12024 11989 11918 8741 4358 2542 1059 795 228 75 50 50 44 
117987 56729 45663 25716 13061 12517 4705 4406 3776 3457 2492 807 511 316 162 114 44 17 17 17 
105629 29727 21808 11868 8295 7653 5820 5403 4392 1873 1047 640 425 207 163 75 22 22 12 
115758 32432 25258 12955 9618 9030 6046 5530 5484 3803 1807 1003 625 442 301 172 78 27 17 17 
106670 43484 31777 17741 10348 9288 4515 4068 4016 3958 2614 1086 668 408 284 143 74 35 24 18 6 6 
100864 39638 28557 14156 10583 9869 7763 7204 6179 2998 1393 844 539 186 140 104 23 6 6 1 
100353 51801 42314 28780 16272 14784 10822 9294 8070 4124 1650 936 596 173 99 51 22 11 11 11 5 5 
101205 40192 29970 15034 11430 10947 7263 7054 5930 2496 1102 593 324 84 38 16 
112210 53740 44568 23410 11252 9795 5612 4761 4712 4663 2583 1038 615 398 252 157 38 21 21 10 
111088 47848 37130 23945 12960 11139 6997 6795 6735 6662 5739 2929 1093 625 345 166 87 41 23 23 
98085 51966 38705 25563 13358 11941 7827 7356 6581 3029 1257 643 490 247 172 154 80 43 43 11 
84586 34871 26626 14162 10308 9329 7221 6880 4571 2091 1180 609 467 145 56 50 23 12 12 12 
93698 46458 40461 27881 14448 12887 8189 7513 6720 2923 1208 735 526 223 155 69 25 25 19 
122766 52727 43921 28560 16411 14633 10227 8660 8607 7666 3235 1416 887 520 244 145 68 23 23 
98230 40004 27233 16176 12743 12266 8725 8457 8260 8156 6177 3044 1267 652 366 283 38 15 9 3 
72128 57971 42786 29418 16893 14337 9228 8554 8505 7147 3898 1640 1028 600 200 107 55 20 20 
75335 30674 21317 10514 7774 6961 4664 4003 3944 3900 3339 1033 480 314 181 106 62 28 23 5 
98049 40708 29700 14909 10742 10088 6963 6447 6400 6356 6289 2971 1203 754 467 201 96 23 23 12 
90194 44585 32647 18330 12356 11716 8464 7357 5511 2366 1333 740 519 210 114 114 67 32 32 11 5 
91511 38660 28392 16413 12981 12258 9219 8606 7726 3886 1808 1091 662 301 204 181 103 45 28 28 
106011 57532 45950 30109 16261 14446 9685 9198 6742 3633 2070 1185 763 353 164 85 28 28 28 
100837 39041 27438 14459 11671 11122 7207 6945 4602 2383 1354 652 451 303 72 72 42 18 18 18 
104197 31483 23889 11200 8211 7387 6339 5962 4135 2062 1249 709 516 254 193 109 65 42 42 
83898 28753 21105 10055 7187 6818 4498 4057 3963 3898 3210 1338 738 471 280 232 63 12 12 11 
95918 34742 27451 14248 11268 10639 7593 7305 5225 2743 1342 806 548 225 145 128 50 24 24 11 
49110 30647 23628 12962 10415 9560 8139 7475 7397 7297 5173 2627 1755 1046 684 322 152 73 73 40 
100767 40950 28316 15835 12361 11901 8974 8696 6997 3404 1973 1047 668 444 222 66 30 19 19 
109624 41533 33485 21587 11937 10801 7214 6331 6292 6251 5997 2362 979 565 326 75 52 28 16 16 16 5 5 5 5 
119955 57678 44580 23604 9567 7887 2271 1937 1846 532 361 239 172 133 92 80 35 13 13 5 
95956 37971 30161 14922 11619 10878 7637 7230 5626 2984 1379 778 567 271 150 134 74 35 12 12 
118368 51510 41281 27157 14400 12803 7645 7139 7095 7048 6030 3345 1282 738 349 117 63 22 11 11 
137878 48443 39955 20532 12704 12376 9130 8836 8680 8635 6708 2590 436 208 102 60 6 
78367 38724 31738 15195 10394 9813 8538 8240 5606 2945 416 121 91 38 6 
99980 37709 27832 13493 8308 7416 4177 4075 4026 3957 2599 1383 895 514 351 262 65 35 35 24 
110972 57618 44424 29878 16785 14918 9647 8924 8869 8814 7661 3837 1634 1001 585 279 122 68 68 66 
103096 26992 21235 10554 7841 7133 5272 4780 3282 1311 716 415 324 196 166 103 35 24 24 
139374 71963 56537 36084 18691 16694 9163 8718 8637 8556 7592 4285 2036 1171 706 234 128 54 14 11 
103416 40785 32308 17682 11826 11014 7086 6793 6689 6561 5157 2356 1334 838 537 393 102 37 37 18 
94111 35890 26113 12347 8921 8057 5717 4676 3196 1081 691 406 274 206 109 104 52 33 33 33 
96815 38108 32020 17389 13157 12489 9203 8796 6168 3718 1786 912 661 402 97 97 59 30 30 18 
116089 65269 50991 33000 17420 15426 8872 8524 6632 3570 1928 1070 669 198 128 72 31 31 20 
117219 50085 37533 19383 12771 12314 8215 7259 7208 7161 4337 2050 1449 747 531 223 73 34 34 33 5 
114587 52947 41340 22517 11525 10268 5134 4778 4723 4542 3326 1080 878 543 352 292 84 57 33 33 
87494 38342 25244 12865 9665 9195 6114 5886 5844 5791 4152 1557 880 513 314 221 73 45 45 45 
102035 42895 35470 19338 12808 11893 8917 8080 5863 2761 1847 1044 705 341 198 187 106 45 45 17 
95958 35105 27484 13266 10300 9733 7541 7094 4791 2719 1580 795 553 371 225 186 30 24 12 
106113 40419 30906 17173 13704 13166 9481 8131 7270 3120 1321 753 477 204 146 123 59 33 33 15 
104366 55230 42036 27251 14377 12781 7556 7059 6286 2712 993 519 379 164 102 85 19 8 8 6 
86835 34505 25171 15233 9802 9160 6320 5858 5597 2398 1092 624 440 287 205 199 119 67 67 36 
103848 44572 33285 17717 11248 10469 6396 5761 5440 3498 2016 1160 752 510 249 121 84 73 46 
90447 34319 24953 13786 9980 9324 7569 7175 7093 6918 6581 2780 1031 609 308 153 89 30 12 12 
104324 44473 33209 17753 10223 9011 5562 4727 4650 4517 3623 1411 1097 708 548 233 101 31 31 
108912 56225 48322 31470 17335 15455 9577 8988 8931 8862 6964 4254 2076 1214 688 291 137 78 35 33 
92658 39589 30020 16686 13653 13050 10686 9783 7438 3950 2331 1252 870 379 259 139 62 17 17 
104786 44201 34729 18486 11648 10998 6631 5642 5555 5468 4114 2349 1424 894 589 274 101 64 64 23 
