7160 777 30 
7038 806 
8709 900 
8310 807 
6643 715 
7776 758 7 
7462 663 
7568 711 
7342 747 7 
7795 755 6 
7275 765 
8258 787 
7059 745 
7700 785 
7841 675 26 
7407 738 
7808 699 
6461 497 
7711 891 8 
7753 773 
7800 767 7 
8181 654 
8558 1028 34 34 
7304 710 26 
6881 605 19 
7723 817 7 7 
6782 641 40 
7507 809 26 
7198 603 
7738 890 26 
7087 668 
8230 1049 
7431 722 
6996 715 8 
8071 768 
8196 865 26 26 
7615 661 
7513 819 6 
7780 744 6 
7759 757 104 
8171 954 
7213 681 
7565 645 
7299 611 
7448 798 
8243 809 6 
7761 687 
7902 814 64 
7941 829 24 
7412 696 
7343 695 
7100 621 
7270 727 8 
7708 655 
7807 703 
8484 897 
7675 738 52 
7548 754 
7382 738 
6962 946 
7837 797 3 
6519 510 8 8 
7203 869 
7804 937 
7373 558 
8145 822 19 12 
5772 572 21 
9294 953 6 
8087 939 
7260 741 8 
7475 689 30 
7507 685 
7671 969 5 5 
5409 704 
8143 789 
8868 941 
3579 323 
3813 398 6 
7285 697 
7777 745 104 
7750 886 
8272 843 52 26 
8437 951 7 
7969 844 33 
8046 807 9 
7620 816 
6327 881 
8385 676 11 
7080 744 
7615 801 26 
7050 782 19 
7123 680 6 
7038 613 
7851 814 
7836 773 
7074 629 
7963 806 
7408 753 
7268 775 
7523 626 
