27 23 13 13 12 8 2 
22 21 11 11 10 7 4 4 4 
30 29 18 18 13 8 4 3 3 
24 23 14 14 14 9 5 4 4 
27 26 18 16 13 5 2 1 1 
28 22 15 15 12 8 4 2 2 
21 20 9 9 9 8 2 2 1 
21 20 14 14 9 5 2 1 1 
27 26 15 15 15 13 9 7 6 1 1 
28 23 17 17 12 8 6 6 6 
29 28 17 17 17 16 9 8 7 1 
34 29 19 18 18 15 11 9 8 4 1 
22 21 20 20 17 12 5 5 5 2 1 
23 22 12 11 11 9 5 3 2 
32 26 19 18 15 10 3 2 1 
17 12 11 10 5 5 2 
26 25 19 18 12 7 4 4 4 
18 16 8 8 7 4 2 1 1 1 
28 26 20 19 15 8 3 1 1 
31 27 16 15 15 9 5 3 3 1 1 
26 22 16 16 9 7 2 2 2 
23 22 14 13 13 9 3 3 2 
30 23 17 16 11 6 1 1 1 
32 27 17 17 17 13 6 6 5 
35 27 14 13 13 9 6 6 6 1 1 
30 29 23 23 20 15 8 6 5 1 
18 16 5 5 5 3 
31 27 17 17 17 15 7 5 5 2 1 
30 24 11 10 9 7 3 3 3 
30 26 19 19 12 11 8 8 7 1 1 
28 27 20 20 14 9 3 3 3 
34 25 19 18 14 9 5 3 3 
27 22 11 11 11 8 5 5 4 
31 26 25 24 20 14 7 5 5 1 1 
35 28 17 17 16 10 6 6 5 1 
27 26 20 20 16 10 5 5 4 
28 25 13 12 11 9 4 4 4 1 
25 19 8 8 7 5 1 1 1 
35 27 13 13 12 10 5 4 4 1 
28 22 16 16 10 6 4 4 4 
22 21 11 11 10 7 3 3 3 1 
17 13 13 13 8 5 3 3 3 
32 18 7 7 7 5 3 3 2 
33 27 17 16 11 9 3 2 2 
31 26 20 19 13 11 6 6 5 1 
27 22 16 15 12 7 5 5 5 1 
24 23 13 12 11 8 5 5 5 
24 23 14 13 13 9 2 2 1 
19 17 11 10 5 4 1 1 1 1 
28 24 18 18 11 6 3 3 3 
24 21 21 20 16 8 4 3 2 
30 27 14 13 12 10 2 2 1 
21 17 17 16 13 6 1 1 1 
13 8 8 8 8 6 4 4 4 
24 19 9 9 9 7 2 2 1 
28 26 20 20 14 13 7 7 6 
33 23 16 16 11 9 6 6 5 1 
34 22 11 11 11 7 4 4 4 1 
27 21 14 14 10 9 4 3 2 1 1 
22 18 10 10 10 5 3 3 3 1 
23 19 9 9 9 7 2 2 1 
28 23 16 16 11 11 5 4 4 
23 19 13 13 10 5 2 2 1 
26 22 12 12 12 10 2 2 1 
28 25 19 19 15 10 6 6 6 
19 18 8 8 8 6 3 3 3 
21 17 11 11 5 5 3 3 2 
22 17 11 11 5 3 1 1 1 
23 22 14 13 13 10 6 6 6 1 1 
26 24 15 14 14 11 5 5 4 1 
23 21 14 14 13 8 5 4 4 
26 19 19 19 15 10 5 5 4 1 
23 22 16 16 11 6 4 4 4 1 
33 25 19 18 12 8 3 3 3 
33 27 12 12 11 7 4 3 3 1 1 
31 25 19 19 15 15 7 6 6 2 1 
27 19 9 9 9 7 2 2 1 
26 17 7 7 7 5 2 2 1 
23 22 12 12 12 9 4 2 1 
25 21 11 11 11 9 3 3 3 
28 22 10 10 10 9 6 6 6 1 
34 30 24 24 21 14 6 5 5 
21 19 9 9 9 7 1 1 1 
32 23 17 17 10 7 5 5 5 
30 22 12 11 10 8 3 3 3 
36 26 18 17 17 12 6 4 3 
19 18 18 18 15 10 2 2 1 
27 23 10 10 9 6 3 3 3 3 
23 17 8 7 7 7 1 1 1 
26 20 11 11 5 5 1 1 1 
29 16 12 12 11 5 2 2 2 
17 16 5 3 3 3 
24 20 12 12 12 8 4 4 4 1 
27 22 14 14 14 12 8 8 8 
24 22 16 15 12 7 2 2 2 
23 22 16 16 11 8 4 4 4 
24 18 12 10 6 5 2 2 2 
36 25 18 18 15 7 4 4 4 1 1 
25 24 14 13 13 11 8 7 7 1 1 
31 24 18 18 15 8 7 7 6 1 
