661366 
552956 
625279 
686158 
598517 
736131 
688878 
714308 
564132 
522516 
691771 
693634 
552521 
623634 
655061 
730426 
698583 
579342 
635599 
534861 
631192 
701529 
567330 
708130 
747881 
633392 
704808 
535059 
574389 
660340 
735976 
808333 
667407 
715294 
603721 
601734 
581499 
612671 
600748 
604682 
675619 1 1 
479965 
594603 
679029 
535820 
661017 
653035 
655796 
703834 
574595 
640394 
662464 
659207 
632361 
718199 
758175 
609357 
690247 
592544 
577074 
710037 
626070 
670200 
754203 
589786 
651308 
481636 
652360 
637765 
694905 
717046 
658482 
696276 
665386 
695125 
513107 
653101 
424482 
624832 
532793 
697625 
638377 
637761 
758199 
786827 
575235 
666724 
616208 
497370 
659068 
569021 
674162 
721730 
602387 
736102 
713256 
687617 
579386 
689960 
681457 
