16 16 12 12 9 2 
18 17 4 4 1 1 
29 29 7 7 1 1 
9 9 2 2 1 1 
15 14 4 4 4 1 
15 15 3 3 1 1 
18 18 5 5 1 1 
16 16 6 6 4 1 
19 19 7 7 5 1 
17 17 5 5 1 1 
19 19 9 9 4 1 
27 26 13 13 4 1 
16 16 6 6 4 1 
25 25 13 13 8 2 
19 19 5 5 2 2 
28 28 11 11 4 1 
20 20 8 8 4 1 
16 16 7 7 4 1 
29 29 9 9 1 1 
19 19 8 8 1 1 
21 21 9 9 4 1 
16 16 7 7 4 1 
17 17 7 7 4 1 
18 18 8 8 1 1 
18 17 6 6 3 1 
9 9 2 2 1 1 
18 18 7 7 4 1 
21 20 8 8 4 1 
20 19 5 5 2 1 
20 19 7 7 5 1 
25 25 11 11 4 1 
21 21 9 9 2 1 
17 16 8 8 4 1 
20 20 5 5 1 1 
17 17 6 6 2 1 
14 14 4 4 1 1 
18 17 5 5 1 1 
22 22 11 11 8 2 
18 17 5 5 1 1 
18 17 5 5 1 1 
19 19 10 10 4 1 
20 19 12 12 4 1 
18 18 6 6 1 1 
21 21 9 9 4 1 
29 29 15 15 8 2 
15 14 5 5 1 1 
18 17 8 8 4 1 
27 26 13 13 7 1 
21 21 6 6 3 1 
26 26 13 13 5 2 
31 31 13 13 6 1 
27 26 10 10 4 1 
17 17 4 4 2 1 
23 23 9 9 5 1 
28 28 9 9 1 1 
50 49 11 11 5 2 
24 24 6 6 1 1 
17 17 4 4 1 1 
13 13 3 3 2 1 
22 22 10 10 5 1 
14 14 4 4 4 1 
203 21 9 9 4 1 
14 14 5 5 1 1 
19 19 6 6 2 1 
25 24 11 11 4 1 
18 18 6 6 4 1 
19 19 6 6 1 1 
15 15 5 5 1 1 
27 27 7 7 5 1 
14 14 8 4 2 1 
18 18 9 9 4 1 
19 19 10 10 4 1 
22 21 9 9 4 1 
10 10 2 2 2 1 
13 13 6 6 6 2 
15 15 5 5 1 1 
11 11 4 4 4 1 
17 17 8 8 8 2 
20 20 13 13 4 1 
16 15 4 4 1 1 
16 16 7 7 1 1 
18 17 6 6 4 1 
20 20 7 7 4 1 
27 27 10 10 4 1 
22 22 9 9 4 1 
24 24 11 11 4 1 
19 19 6 6 1 1 
27 27 13 13 4 1 
14 14 3 3 1 1 
26 26 10 10 4 1 
13 13 3 3 1 1 
21 21 6 6 1 1 
29 29 10 10 1 1 
15 15 4 4 1 1 
13 13 4 4 4 1 
25 25 10 10 4 1 
222 26 11 11 4 1 
21 21 6 6 3 1 
22 22 8 8 4 1 
25 24 12 12 7 1 
