204294 204294 204038 184171 184107 16591 16357 2025 1208 775 81 6 
208880 208880 208825 188343 188260 16689 16779 2138 1246 632 145 16 
208734 208734 208668 187175 187102 17129 17129 1931 1039 616 64 
202900 202900 202638 182843 182766 16246 15945 1824 1057 592 74 12 
209752 209752 209686 187518 187436 16906 16563 2386 1737 987 228 
208850 208850 208628 186929 186828 16993 16528 2207 1413 815 190 10 
211342 211342 211314 191472 191402 16329 16282 2112 1383 767 88 
197096 197096 197069 177755 177699 15429 15605 2102 1305 755 132 
207098 207098 206936 184038 183965 16399 16196 2229 1404 782 202 
210990 210990 210751 188442 188384 16111 15739 2002 1201 665 60 
209657 209657 209637 186829 186760 15960 15682 1860 1118 674 102 
207372 207372 207345 186660 186595 16679 17051 2339 1441 857 87 16 
209290 209290 209176 187127 187045 16398 16344 2143 1312 754 158 
206967 206967 206767 184822 184733 16097 15902 1889 1246 699 65 4 
210093 210093 209972 189122 189044 16789 16527 2051 1339 709 48 
208238 208238 208013 187072 186991 16463 16369 1975 1320 771 68 10 
207417 207417 207301 185291 185232 15775 15712 2042 1241 732 57 
207662 207662 207366 186094 186046 16347 16130 2133 1142 684 72 
204438 204438 204054 182306 182225 15726 15987 2113 1260 722 89 4 
206914 206914 206733 185862 185782 16102 16120 2110 1372 756 81 
204805 204805 204677 184739 184667 17005 16718 1830 1124 700 108 4 
203364 203364 203351 181003 180933 15639 16173 1964 1228 805 34 
204432 204432 204422 182998 182927 14623 14576 1872 1155 592 100 
203729 203729 203709 183502 183421 16719 15841 1810 1076 590 75 
207778 207778 207726 186912 186851 16437 16547 1918 1199 755 57 
213589 213589 213431 193771 193716 17294 17279 2264 1252 768 80 16 
208321 208321 208195 187837 187738 16401 16292 2061 1252 694 74 
206965 206965 206868 185552 185476 16705 16982 1868 1189 736 92 
212001 212001 211984 190372 190321 16181 16420 2196 1609 1036 195 10 
204543 204543 204506 181709 181621 15537 15593 1892 1110 663 58 10 
208794 208794 208597 185830 185776 15872 15828 2070 1368 690 180 12 
210997 210997 210904 187285 187207 16298 16229 2088 1125 554 83 
209941 209941 209835 187225 187155 16009 15973 1868 1213 714 73 
210184 210184 210139 189051 188961 15915 15968 1900 1279 757 169 
206558 206558 206335 184867 184790 15692 15931 1758 994 833 248 34 
206649 206649 206456 184767 184712 16450 16275 2262 1545 868 195 10 
202879 202879 202652 181575 181483 16069 16231 2098 1417 831 204 8 
210332 210332 210267 187930 187847 16745 16579 2423 1469 796 180 12 
207677 207677 207323 185350 185254 15939 15691 2400 1434 894 161 
206680 206680 206600 186763 186704 16011 16131 2092 1414 757 147 
207419 207419 207382 187180 187099 16681 16306 2076 1170 753 74 18 
209031 209031 208969 189062 188990 16835 16501 2044 1265 851 96 
210261 210261 210166 187654 187587 16347 16276 1631 1001 549 76 4 
203433 203433 181204 181152 15119 15396 2022 1277 689 191 
206417 206417 206347 185864 185787 16816 16826 1981 1268 735 78 10 
210008 210008 209828 189430 189355 15961 15954 2009 1335 693 174 
207670 207670 207526 184594 184495 16575 16370 2026 1295 701 82 6 
207669 207669 207596 185448 185388 14937 15897 1929 1113 660 120 
206680 206680 206412 185805 185738 16352 16213 1935 1199 724 71 
210150 210150 209854 188499 188419 15868 16196 1926 1173 663 63 
205300 205300 205245 183886 183777 15676 16607 1995 1171 622 60 12 
212961 212961 212932 190945 190860 17109 16730 2120 1284 810 106 10 
207947 207947 207779 186786 186664 15857 15978 1885 1174 591 146 
207025 207025 206798 185093 185020 15852 15735 2000 1280 734 54 2 
201704 201704 201595 181009 180935 15740 15918 1982 1281 744 172 
210260 210260 210188 188225 188160 15877 16123 1969 1082 567 67 
206325 206325 206271 184765 184697 15987 15889 1874 1115 594 62 6 
203873 203873 203715 184350 184259 16096 16125 2118 1337 757 87 
208298 208298 207821 185778 185685 16485 16389 1858 1299 674 37 
211315 211315 211048 189244 189181 16990 16893 2029 1136 671 133 
210855 210855 210784 188283 188225 16691 16866 1949 1263 627 62 10 
206213 206213 206102 183411 183296 16243 16223 2276 1383 730 147 8 
202087 202087 202046 182308 182241 15899 16372 2106 1083 619 68 
209807 209807 209775 188075 187989 17119 16678 1997 1277 741 64 
210126 210126 209842 188020 187971 16778 16465 1948 1036 597 154 
207746 207746 207411 185881 185815 16223 15983 2287 1601 889 233 
205052 205052 204928 185356 185289 16586 16312 2241 1599 980 171 6 
202932 202932 202752 182144 182079 16049 16219 2058 1114 650 85 4 
210124 210124 210073 188794 188735 16737 16577 2357 1510 855 218 
205260 205260 205077 184019 183958 16444 16633 1930 1276 790 71 
207708 207708 207692 186099 186031 16433 16075 2132 1266 744 69 
206202 206202 206093 184846 184778 16076 15908 1953 1249 740 202 
203180 203180 202958 182351 182264 15634 15523 2167 1184 742 157 8 
207477 207477 207028 186223 186153 16485 16452 2165 1216 678 55 
200682 200682 200516 180132 180055 15704 15726 1901 1228 774 71 
198962 198962 198933 179225 179146 16089 15910 2150 1260 704 59 10 
165333 165333 165320 152484 152459 12814 12992 2009 935 863 408 38 
167489 167489 167252 153080 153010 13040 13401 2350 1322 735 106 
202472 202472 202325 180306 180235 16708 15921 1817 1115 680 112 14 
203901 203901 203789 182391 182296 16323 15893 2305 1377 725 71 
208526 208526 208386 184245 184163 16201 16225 2014 1192 656 103 
207400 207400 207345 185820 185739 15637 15705 1983 1106 569 63 12 
210851 210851 210725 187266 187188 16229 16021 2050 1344 755 164 
208888 208888 208835 187551 187486 16403 16705 2353 1515 965 240 4 
208913 208913 208785 186729 186666 15406 16046 1796 1179 696 76 
207635 207635 207602 185987 185920 16271 16271 2086 1373 817 146 10 
208118 208118 208077 187922 187841 18104 17512 2194 1305 751 107 8 
207744 207744 207480 184189 184086 15528 15683 2188 1338 760 73 10 
208182 208182 208034 186688 186594 16464 15610 1889 1155 693 69 
209979 209979 209866 188971 188902 17018 17011 1935 1199 754 100 
208058 208058 207766 185833 185759 16376 15960 2014 1294 796 105 
207848 207848 207624 184089 184023 15877 15781 1864 1093 604 55 
208964 208964 208851 187240 187154 16062 15679 2014 1252 796 68 
207387 207387 207232 188270 188215 15893 16183 2542 1583 909 78 16 
210045 210045 209942 186654 186577 15350 14946 1640 1182 662 84 
200043 200043 200000 180357 180275 16062 16096 2016 1421 801 126 
203300 203300 203269 183828 183749 16899 16582 2448 1428 727 59 14 
209184 209184 209130 187390 187304 16660 16066 1725 1116 676 106 
208917 208917 208701 190321 190235 17095 16756 2095 1224 670 54 14 
213293 213293 213104 190243 190165 16434 15920 1785 1200 721 88 10 
