61789 61784 61738 53516 53325 1288 1381 252 201 133 24 8 
61511 61510 61383 53115 52914 1080 1262 243 183 107 14 2 
59531 59531 59472 51441 51257 1348 1402 276 251 211 6 2 
55296 55291 55196 48489 48288 980 920 173 173 140 99 13 5 
59204 59203 59138 51913 51719 1130 1247 241 171 133 11 3 1 
62632 62632 62576 54465 54289 1257 1275 301 187 116 19 2 
59113 59108 59063 50577 50373 1063 1001 223 171 109 12 
63904 63899 63690 55100 54916 1243 1164 235 189 173 52 13 
63125 63121 63067 55194 55011 1253 1113 243 185 156 23 21 
57524 57520 57463 49816 49640 902 887 204 127 68 4 
60576 60571 60472 53071 52877 1015 961 181 124 77 14 1 
62549 62544 62481 55333 55148 1102 1055 227 153 149 38 38 
57113 57113 57068 49439 49227 1083 1030 265 264 211 146 18 9 
58152 58152 58100 50675 50465 1033 1066 190 147 90 15 3 
60752 60747 60701 53421 53228 1266 1200 221 167 103 20 2 
63835 63830 63775 55909 55719 1184 1111 230 228 159 128 8 1 
62446 62442 62402 53274 53016 1047 1093 200 131 110 38 2 
62705 62705 62662 55100 54917 1091 1247 220 174 136 23 3 
65830 65827 65531 57845 57658 1237 1348 290 217 151 14 3 
60110 60107 59918 52163 51973 994 1081 220 172 143 13 2 
60640 60637 60581 53010 52811 977 919 238 198 189 47 8 
61421 61417 61233 53573 53385 1028 964 227 163 157 41 21 
57484 57484 57281 49677 49467 1145 1224 291 185 76 10 3 1 
59092 59089 59035 49918 49737 833 939 196 167 108 12 2 
58843 58840 58626 51329 51148 950 897 258 208 145 13 2 
58589 58589 58553 51130 50876 1101 1002 180 114 105 38 19 
59495 59495 59428 52158 51986 1091 1270 282 235 177 18 3 
62412 62412 62373 53672 53476 1140 1143 172 98 75 7 2 
61065 61064 61003 53388 53206 1246 1132 245 161 111 14 2 
53095 53092 53043 46097 45828 1205 1235 264 191 113 13 2 
60795 60795 60696 52868 52686 1203 1218 273 224 197 20 3 
64015 64015 63735 55042 54864 1300 1396 235 177 138 24 2 
61838 61832 61783 53420 53230 1165 1070 320 255 206 17 3 
58245 58244 58189 50532 50354 1188 1085 203 201 103 79 4 
59795 59794 59751 52116 51934 1240 1240 282 198 120 18 2 
61793 61789 61748 54342 54160 884 1024 190 119 89 18 2 
61436 61432 61382 53991 53803 1063 1091 230 169 120 27 3 
60014 60009 59735 51797 51620 874 831 177 177 128 72 2 
62894 62889 62834 55776 55571 1170 1093 252 251 211 181 9 5 
61645 61645 61589 53214 53033 1036 968 219 168 132 21 19 
62130 62125 62062 53673 53482 1058 995 233 152 135 54 16 
65166 65161 64849 57533 57337 1229 1139 237 191 148 22 2 
57172 57168 57091 49343 49160 883 859 170 100 93 50 11 
57302 57301 57118 49176 48986 1064 980 269 231 196 79 23 
61665 61662 61614 54117 53942 969 906 265 223 132 19 2 
59365 59363 59273 51390 51187 1178 1243 226 146 74 14 2 
62183 62178 62011 54774 54585 1225 1278 259 186 112 9 2 
59612 59607 59456 51339 51142 906 1102 226 121 109 19 2 
65717 65712 65656 56846 56651 993 1070 196 113 76 14 2 
60377 60372 60291 52623 52454 1154 1466 179 131 126 22 14 
59975 59974 59832 51863 51670 1022 981 208 208 157 82 13 4 
61651 61648 61328 53277 53093 1056 1227 240 172 76 13 2 
61832 61829 61667 54405 54222 1172 1275 237 193 140 19 2 
63320 63316 63253 55715 55536 1137 1094 231 231 158 137 8 2 
55345 55342 55302 47523 47348 947 850 205 203 144 83 3 
63690 63689 63614 56476 56289 1097 1005 231 151 111 19 2 
60960 60956 60914 53491 53307 856 1050 213 148 106 17 3 
63915 63911 63856 56411 56223 1315 1438 375 360 168 27 4 1 
59291 59288 59240 51327 51127 1193 1382 230 180 138 20 2 
59849 59849 59755 51897 51702 942 908 182 123 111 24 5 
61091 61090 61017 52690 52496 1111 1235 270 197 119 23 2 
60004 60000 59962 52368 52187 1024 985 186 132 125 18 18 1 
59747 59746 59696 52454 52262 1555 1513 261 258 87 10 2 
58660 58654 58474 49705 49510 958 912 254 253 134 30 
63528 63524 63477 55863 55678 1232 1153 185 155 104 11 2 
58629 58626 58516 51167 50990 1104 1158 226 131 74 13 2 
62031 62031 61950 53972 53794 1062 1015 226 189 84 16 2 
66162 66158 66098 58083 57886 1117 1290 334 274 188 20 3 
57855 57850 57795 49374 49185 872 901 227 221 160 16 2 
60070 60066 59997 51158 50971 1068 1255 242 164 77 22 3 
61950 61946 61849 53405 53216 1282 1449 230 155 128 14 2 
57632 57626 57530 49867 49677 1115 1309 184 142 137 15 2 
58313 58309 58224 50319 50129 1053 1094 231 195 138 17 8 
60688 60687 60651 53179 52995 984 893 206 203 101 55 2 
59542 59537 59423 51943 51753 985 953 210 178 147 35 3 
58291 58287 58235 50722 50545 998 952 186 128 101 10 3 
51328 51322 51189 43632 43443 1530 1649 207 198 178 12 6 
52435 52430 52368 44364 44176 1663 1794 207 195 126 11 2 
60705 60705 60645 52738 52558 994 1072 213 213 127 17 8 
57832 57824 57565 49971 49786 1199 1129 206 203 151 133 19 2 
62233 62225 61982 54669 54487 1179 1311 268 212 150 17 3 
60650 60646 60422 52997 52822 878 988 176 157 91 16 2 
57909 57904 57835 50486 50290 1041 1146 210 176 170 16 6 
61201 61201 61149 53304 53109 1216 1315 280 263 126 31 2 
59249 59245 59206 51771 51602 1216 1455 208 191 177 10 2 
60220 60215 60152 52450 52265 885 1018 195 143 109 12 1 1 
62622 62620 62556 54198 54003 1177 1093 230 170 166 40 19 
62914 62906 62816 56099 55923 1238 1417 290 248 209 7 3 1 
58311 58302 58238 50653 50462 898 1029 218 201 165 33 14 
62445 62439 62410 54723 54524 1192 1263 215 188 85 16 2 
59414 59411 59343 51842 51646 945 924 211 156 70 15 2 
61115 61109 61060 53422 53242 765 756 154 109 78 13 12 
62950 62945 62685 54380 54048 1294 1354 261 183 127 22 2 
57207 57204 57155 49363 49172 1343 1525 268 255 102 16 2 
62188 62183 62128 52943 52749 1208 1065 291 266 149 21 2 
59007 59002 58956 51254 51050 1027 995 218 193 137 13 7 
61727 61727 61677 54020 53825 1193 1070 234 162 158 43 22 
59310 59307 59271 51654 51465 1306 1425 241 202 92 19 2 
61337 61332 61229 53251 53084 1074 992 257 256 222 113 17 
56068 56063 56003 47937 47738 899 812 158 119 83 38 20 
